image_width: 1920
image_height: 1080
camera_name: narrow_stereo
camera_matrix:
  rows: 3
  cols: 3
  data: [1094.982312, 0.000000, 960.538944, 0.000000, 1093.667052, 491.657258, 0.000000, 0.000000, 1.000000]
distortion_model: plumb_bob
distortion_coefficients:
  rows: 1
  cols: 5
  data: [0.058750, -0.042358, -0.009053, 0.000670, 0.000000]
rectification_matrix:
  rows: 3
  cols: 3
  data: [1.000000, 0.000000, 0.000000, 0.000000, 1.000000, 0.000000, 0.000000, 0.000000, 1.000000]
projection_matrix:
  rows: 3
  cols: 4
  data: [1122.943604, 0.000000, 961.842125, 0.000000, 0.000000, 1115.951416, 479.389215, 0.000000, 0.000000, 0.000000, 1.000000, 0.000000]
