image_width: 1920
image_height: 1080
camera_name: narrow_stereo
camera_matrix:
  rows: 3
  cols: 3
  data: [1098.434189, 0.000000, 959.139618, 0.000000, 1098.525350, 527.689678, 0.000000, 0.000000, 1.000000]
distortion_model: plumb_bob
distortion_coefficients:
  rows: 1
  cols: 5
  data: [0.021037, -0.033870, -0.001235, 0.001437, 0.000000]
rectification_matrix:
  rows: 3
  cols: 3
  data: [1.000000, 0.000000, 0.000000, 0.000000, 1.000000, 0.000000, 0.000000, 0.000000, 1.000000]
projection_matrix:
  rows: 3
  cols: 4
  data: [1093.537598, 0.000000, 962.424995, 0.000000, 0.000000, 1102.003540, 525.998560, 0.000000, 0.000000, 0.000000, 1.000000, 0.000000]
