image_width: 1920
image_height: 1080
camera_name: narrow_stereo
camera_matrix:
  rows: 3
  cols: 3
  data: [1237.181534, 0.000000, 892.503801, 0.000000, 1235.149459, 530.948303, 0.000000, 0.000000, 1.000000]
distortion_model: plumb_bob
distortion_coefficients:
  rows: 1
  cols: 5
  data: [0.013888, 0.015521, -0.002098, -0.015685, 0.000000]
rectification_matrix:
  rows: 3
  cols: 3
  data: [1.000000, 0.000000, 0.000000, 0.000000, 1.000000, 0.000000, 0.000000, 0.000000, 1.000000]
projection_matrix:
  rows: 3
  cols: 4
  data: [1254.727661, 0.000000, 859.524498, 0.000000, 0.000000, 1279.577881, 528.025883, 0.000000, 0.000000, 0.000000, 1.000000, 0.000000]